2016 01 01 12 19
2016 01 10 08 09
2016 01 16 08 52
2016 01 26 06 00
2016 01 27 11 02
2016 01 28 00 50
2016 02 04 11 21
2016 02 11 07 21
2016 02 14 02 28
2016 02 15 01 59
2016 02 16 04 48
2016 02 24 21 06
2016 02 26 18 34
2016 03 01 13 32
2016 03 09 00 46
2016 03 17 00 08
2016 03 21 06 34
2016 03 23 03 44
2016 03 24 02 19
2016 03 25 06 01
2016 03 26 19 23
2016 03 28 09 22
2016 04 06 18 38
2016 04 06 19 37
2016 04 07 06 48
2016 04 08 17 06
2016 04 14 06 19
2016 04 16 05 37
2016 04 21 09 48
2016 04 22 05 22
2016 04 28 01 45
2016 05 13 12 42
2016 05 16 17 47
2016 05 18 09 47
2016 05 20 13 57
2016 05 21 03 21
2016 05 22 00 20
2016 05 23 08 31
2016 06 01 06 20
2016 06 02 22 42
2016 06 07 20 07
2016 06 08 09 57
2016 06 12 02 51
2016 06 15 16 45
2016 06 24 08 52
2016 07 03 13 12
2016 07 15 18 24
2016 07 20 07 51
2016 07 22 18 11
2016 07 28 06 48
2016 07 28 08 13
2016 08 05 23 23
2016 08 06 03 43
2016 08 07 11 17
2016 08 23 23 56
2016 09 04 18 32
2016 09 11 13 11
2016 09 13 23 46
2016 09 16 06 25
2016 09 22 05 31
2016 09 23 10 22
2016 09 28 10 37
2016 10 03 22 03
2016 10 06 13 22
2016 10 07 19 19
2016 10 08 11 40
2016 10 11 05 33
2016 10 14 11 57
2016 10 16 08 49
2016 10 22 06 50
2016 10 22 08 55
2016 10 24 05 53
2016 11 03 23 31
2016 11 06 19 43
2016 11 16 13 23
2016 11 17 12 48
2016 11 17 15 20
2016 11 20 06 51
2016 11 21 02 58
2016 11 22 11 48
2016 11 23 06 00
2016 12 01 06 07
2016 12 01 09 21
2016 12 09 13 57
2016 12 12 16 22
2016 12 15 09 57
2016 12 16 09 51
2016 12 19 05 52
2016 12 22 01 39
2016 12 24 23 34
